2038
3421
3420
2163
3836
3621
2068
3149
550016
4223
3120
3119
1647
160628
4528
4611
519212
1740
160218
161721
960005
519056
481012
2085
3620
519225
1892
519664
519665
360007
260108
162605
168202
1518
3996
3322
110022
854
3323
110003
530015
206007
4746
519185
260103
83
431
1287
2036
3704
835
540012
2124
70032
1149
4642
1047
160216
4363
4643
160222
248
260110
161725
1725
163412
519191
1481
1581
110010
202201
164508
2131
1208
1606
260116
481001
4986
167
4488
1076
310398
1556
310388
162203
1557
519671
40008
3244
3245
462
161129
1605
3914
160605
3918
20005
3915
4003
3321
213010
2851
3919
4004
410008
519139
163803
2746
1651
160716
1542
1626
1127
1170
3916
1865
519087
1040
423
519706
3917
240019
1404
2822
161211
501018
519066
320010
110032
110033
2624
2423
502040
160723
502020
70023
3261
160632
160127
270041
634
1586
501038
240014
3262
399001
1587
163808
162307
481008
1237
1548
162719
163406
1051
40005
1549
5063
4243
5064
2848
496
110011
502048
1681
2418
470021
75
76
2121
501301
29
163810
217027
1583
519100
162509
193
2071
5049
519642
2697
4410
251
1677
501050
163411
160814
5050
519008
1596
4907
240016
167301
20009
163805
1657
160517
532
1594
1382
1595
4597
2177
2621
3154
4908
1179
162411
1539
4598
519068
161723
1465
1157
1703
519915
1236
217001
410009
1623
161121
620005
4897
730002
11
1008
2556
173
161029
1659
4898
4233
470888
4357
519027
620008
165312
17
57
166011
260117
161607
1888
4477
160418
591
1579
180012
4874
350005
2989
4263
2605
1281
746
2072
4868
3243
20023
3955
4768
519702
4549
70018
531
742
168205
1359
770001
519099
4445
160631
4209
4374
710002
4148
4375
1654
3249
163302
519069
4119
1528
4871
1469
55
2595
2979
589
1333
362
162213
824
3876
619
1631
620001
519193
400025
3957
3548
481006
1632
3958
4244
2374
2627
350001
363
1704
1716
50002
80005
825
2385
50021
4716
161706
161818
2443
1053
160121
180003
2323
450004
163407
4157
1371
1997
1306
4826
50013
4987
161606
530010
540009
40047
40048
20021
162207
519779
100038
1112
1143
162415
530011
1663
1307
4359
273
2192
217013
3721
169103
2666
160138
2545
2315
340006
3707
1339
160139
270007
2310
206002
3353
110031
2387
3354
1196
4360
2119
1974
163402
2821
2667
3722
4538
233006
1884
2803
160607
161831
501302
4703
70006
169105
519690
593
1280
3446
110015
3447
162214
2653
948
3803
166007
527
519772
118001
160624
202003
311
976
1267
3597
217005
1898
519165
4403
519001
519686
1163
4183
169104
410001
747
169101
2326
310328
71
3579
3015
162204
320015
3596
2860
176
2118
519959
501025
1106
3804
3950
1029
3951
4190
160924
163208
166402
1927
162212
530016
4659
3886
161601
4191
160615
4364
4448
4505
2297
160923
161207
1603
1708
1928
3293
4660
1638
160717
257030
2023
200002
1431
3954
4404
70019
164705
166802
1162
160417
3854
44
3855
4482
4484
1952
4481
519710
180013
1830
2849
3861
1864
3862
1054
519931
165309
167601
312
2160
4483
4158
202015
501043
717
501045
4485
1577
120
3175
270050
1878
2024
570001
4342
160416
1222
2214
567
4646
660008
313
4355
165515
3396
3304
460300
961
270002
51
40180
1712
519116
3305
1458
1874
950
110020
200008
165521
2976
411
610007
160706
270010
1759
519180
991
1789
255010
4156
398061
3475
4155
2987
20011
2380
1283
3889
660010
161811
167702
42
2189
3890
4249
487021
1837
4385
2593
1284
620006
2307
4396
1004
2021
550003
160125
928
4270
481009
180033
180010
150103
161507
1015
1044
378006
165512
167703
519019
100022
3769
1000
70027
3492
20010
160311
161714
217016
1135
519035
1016
217020
1118
4175
1728
1714
3096
4176
4271
162714
398031
3887
4408
4320
90013
1951
3774
270042
3308
100026
613
160918
1296
310308
660014
160133
1511
4635
100020
1498
2030
519679
110012
1732
202023
1402
398001
160213
127
4076
4997
200012
1731
70022
4335
217012
3775
501000
550002
3718
2001
4944
1005
160807
577
1487
1075
2314
3095
867
470009
519300
260111
2258
3279
4742
100039
310318
165310
350009
673090
4784
481013
720001
2043
4951
550008
628
100016
519709
3378
3658
20025
161610
4948
2604
3720
4946
310368
529
3559
110019
110030
350002
660006
458
2340
470098
40046
90010
200006
2588
1495
1508
4037
161604
530018
520
1543
4036
512
180028
1696
257050
1856
1510
398011
1419
2063
4416
953
166005
1882
560003
202001
1254
1574
2313
1682
1886
4393
161620
690005
954
100032
161128
834
1786
4876
5106
169102
539003
2162
70003
2332
200007
202002
4878
4879
501001
166006
470058
160910
2620
519696
1715
2772
165806
470059
2450
2612
3560
4232
161832
519644
986
2333
4947
519732
1701
410
4231
161130
410003
3311
450008
3247
4091
4351
1259
519093
163807
566
844
4332
90007
1263
160613
161907
967
3248
2594
164811
202007
501021
1998
4092
2451
370023
378546
4741
161213
410007
1144
160505
118002
700002
2873
3593
3630
3631
50022
470008
90004
5039
1480
2372
162006
580007
398021
620002
90015
656
688
1007
1742
408
1736
486001
2142
673100
1036
5040
161812
1741
526
2059
5119
519196
233001
1142
2132
4542
4774
1373
2774
519091
1910
1915
2823
3026
4390
49
2695
40002
80008
3027
906
3131
4138
1700
2824
160806
165527
1609
4341
166301
183001
1610
43
172
936
2696
460001
1141
165526
450002
1764
161210
1043
1768
4645
1239
1395
3122
4391
70013
939
1027
202005
2114
80007
161227
398051
2630
1668
4287
399011
481017
217017
2041
3005
2581
1215
2582
1252
2042
3413
3719
501035
652
4480
4825
320018
4958
162209
507
82
530006
519224
2115
457001
1171
2555
3580
150968
1140
160813
400018
210001
3434
1849
2896
751
974
508
519181
2563
2910
519223
519688
979
1188
3373
3435
4118
3397
3374
165513
501039
4407
217015
1800
827
80002
164906
2670
4099
4457
160805
826
3634
3970
20022
501040
1965
297
486002
1866
2671
3971
2376
519601
294
151001
4292
4677
502006
1473
1966
180018
202801
206005
1186
1424
2122
163801
217021
1852
2731
519621
1425
1445
368
1656
1798
2730
318
1709
1474
2597
400011
70001
519655
560006
2424
519736
580009
1799
877
1365
233015
1588
160525
190
1327
202021
916
975
1328
2319
2685
316
1499
1589
1664
3416
1616
1342
1767
2897
2626
2810
70012
519228
1665
2191
1343
1903
2147
4346
161605
4518
519018
1635
4519
50018
878
519229
519132
879
2770
1904
3582
4212
161816
985
519619
1552
2771
2190
590005
2686
540006
377016
519712
50025
400007
1030
1384
519620
1362
1553
2156
2767
502013
955
160136
690009
2157
1379
2146
519602
163804
519156
1385
1810
320011
376510
584
391
1636
240002
1243
90003
161026
1242
1685
1185
5005
70002
161125
20015
1891
161815
519157
2631
2773
2029
161229
4783
1060
501029
4475
2054
450007
519714
264
870
40021
519021
513
214
2006
5006
40011
110002
165508
3432
739
2056
2914
3433
560002
2562
3715
767
3740
5125
40025
163415
1515
3326
756
1648
740101
1460
2069
2973
40190
161127
233010
2379
164403
1985
3117
763
1300
4712
2062
3118
3567
690011
40018
4714
4715
501023
213003
470007
2097
2098
167901
477
1195
340001
519979
582003
1301
4641
4670
4713
290002
2317
1403
3025
519032
539002
165510
2514
1781
2515
290014
960000
660003
240022
90020
162208
40015
664
994
1310
1417
2941
519195
259
1525
4604
519062
660005
2540
2541
2942
4877
2574
4605
1298
338
1671
2129
519222
160322
1861
501041
1938
530001
4745
270001
210002
2164
673020
1265
1885
2516
3912
995
1105
519697
885
989
990
2411
609
96001
3713
160812
660012
511
160516
166002
4851
1309
2939
3805
519623
3714
3913
2575
2662
519624
519158
2334
501042
780
1120
2517
4730
519981
1103
4098
660004
2335
2485
2663
50024
80001
213002
690001
927
3516
4241
160922
217009
420005
1816
2547
2875
4153
530019
1366
3132
3806
4237
4423
1392
2694
80006
2070
4154
2576
163110
3760
4129
50010
112002
161005
1433
1777
3152
3761
160625
4297
590002
1249
2567
450011
1824
1303
2055
2368
4298
540004
519977
1673
4130
4573
539001
660015
554
1074
4300
519039
1102
1117
2409
2410
1121
1393
680001
1128
1778
1890
4299
501020
4996
5112
1270
1674
100029
1271
2161
2061
519672
3494
3629
3831
519976
215
367
904
1276
460010
90009
1643
3153
241001
684
1449
556
4495
161727
2728
4313
378010
178
762
350007
360005
3659
320001
350008
592
557
972
1815
2136
2729
2844
3172
3940
41
4312
206012
4310
595
1182
1644
270023
2165
2414
3456
4454
700003
2413
2231
3751
233007
2932
4311
501303
1332
1773
1801
1869
2082
1150
3828
3924
110023
3835
4248
519674
1097
2557
822
1189
1881
3403
3925
200011
100051
162414
166001
4340
450003
2421
3144
3857
590
2384
2933
39
598
4308
110025
519017
1772
1811
1688
2232
4309
4336
2126
3622
4205
519995
199
2496
3623
4337
4383
4569
302
1627
2422
160809
673030
1231
551
1782
2227
400013
1320
2178
3186
4303
110009
1331
1536
5183
100061
161124
165519
202019
3943
4304
180031
1219
3595
3189
3224
4450
1717
4096
164814
2328
3944
420001
3109
4338
1429
2228
519755
2551
4429
166023
1796
4339
2091
160105
2110
2833
4289
161126
309
1178
4514
1492
2099
70010
519761
1493
1844
2158
3110
3858
570005
2834
4305
2913
519649
519650
3414
4306
4563
550009
1115
1490
3107
3225
4048
3300
370
2135
4740
320006
1093
1933
2100
1229
2838
2203
2420
3343
360006
1116
202027
202212
3108
3415
1357
5000
5111
501046
934
3344
100053
418
257010
2749
1067
2106
160612
161032
1068
2092
1197
1380
2866
519656
884
1192
4278
206008
360001
3165
168203
519700
2419
2959
202009
1376
2969
4083
1524
2093
3166
3655
163822
1978
4046
4686
2887
3758
3986
373
2732
519997
3169
3735
3759
4284
519227
1412
4047
4084
470010
3170
4453
270006
3292
3550
587
1650
3781
4116
3928
150147
460007
470011
519657
1607
2614
2615
502023
376
536
2133
570006
530
2809
4258
1667
3710
3839
3840
50001
3490
4166
4259
4260
646
5053
710001
1841
2369
3401
630009
110005
2233
4131
4829
1608
2908
3491
2112
4743
160415
257060
1533
4225
2561
100035
392
803
519221
572
1840
2712
4226
90011
519162
393
2417
519759
673120
4132
706
519163
1210
2431
519738
630109
20
1017
2430
3367
3555
4916
2064
3985
50012
161222
849
1247
2495
2861
3984
4094
850
3641
519781
2111
3282
480
1939
2225
2472
3283
3556
4328
100037
690004
2967
1563
3642
4281
1325
260115
1326
2273
40020
1316
2226
4737
519760
2075
3028
3142
360010
973
3820
50201
168204
940
1827
3029
2609
3368
217010
2888
450001
1324
2296
4329
3821
4149
290008
2168
470068
1453
2559
3906
4150
4321
110021
165516
202011
2558
161217
165531
679
841
1454
2196
5009
40004
880
1338
3143
4378
571002
1564
2113
163816
171
4380
460005
2502
2503
3734
160916
673081
3594
3000
3626
240020
519175
519673
3807
2031
2220
1352
1976
3882
4011
2711
3001
3883
4975
1955
4379
270025
519752
4592
270021
2408
4381
519951
843
163817
519694
2416
160219
217002
1104
1277
1746
3945
90001
673083
1745
260104
2246
3738
3808
3946
4010
4208
519167
4207
4905
160610
163007
2003
2388
336
3756
164302
690003
1202
2278
3561
3754
4747
2130
2148
2461
320022
1923
2456
3562
3757
4489
1399
70017
4041
519651
7
2446
4358
110027
262001
3755
3848
590001
1705
3849
1400
1710
1850
229002
630008
1418
2801
519670
614
2462
4252
4081
210007
519230
519962
2058
2441
4436
260109
1675
2057
2180
4412
2249
519668
1364
4442
1839
2004
3702
4455
519983
56
2835
4082
4736
1336
2510
4144
4146
1146
1337
110028
2836
1147
1756
519935
1683
1823
3616
3663
700001
3057
3901
1119
1367
80
125
1940
2527
2986
406
1711
2020
217018
1464
1507
3058
4145
1110
1506
2952
4147
4437
611
2921
3689
1111
1488
4142
519778
3690
160635
519969
1758
2269
3591
4316
4326
4666
206006
1396
150080
519616
2449
519127
720002
730001
236
2699
407
1405
81
1761
2934
3698
1489
2222
2272
450009
519606
1311
4935
4221
4317
70099
3105
3106
310358
1031
1406
2935
4945
40001
1408
4143
4857
163118
377150
1033
1633
1720
2259
2542
2700
2141
3205
3845
519617
1762
3750
4327
4856
1744
2120
3846
519909
610001
1216
2492
2535
2536
213008
1634
3379
3578
3686
4411
1447
3687
4074
288001
410006
485114
166
2924
3380
1217
1521
1676
3275
3592
2808
233008
519050
1199
2090
970
2089
2339
2598
2622
3284
4875
616
1771
3140
4165
2134
2831
3016
3141
4451
3602
270005
1200
166020
168401
2765
4883
70020
163809
519610
1314
3350
240017
2005
2316
887
1813
2599
3276
519727
673071
805
1443
1722
3603
4023
161612
485014
617
2311
3234
1253
2018
2766
2812
4452
1622
2474
260112
519183
988
1289
1315
2322
3780
460008
673073
3604
80003
189
2497
3235
3524
5088
253070
519177
1370
1444
2664
3236
2668
2789
2879
4884
460108
293
3694
3801
3850
519627
690008
2459
2460
2665
3237
3787
4534
501015
597
932
1686
3966
519628
1
62
1416
2007
3695
3797
3851
519612
993
1880
2911
2944
3601
4827
163503
200017
933
1547
2923
3291
3798
3967
594
2878
50023
519949
2415
3749
4702
168002
2301
2659
50123
1463
2660
3802
3961
165509
1273
1585
2065
2643
2769
5089
121002
160519
233011
720003
1201
1329
1397
1672
4535
160137
160422
1297
1330
3351
3941
3962
519991
1534
1687
3942
4115
100055
270027
3853
810
1755
2019
2149
3147
3900
4727
3799
20026
2212
320003
1727
2435
3813
570007
291
2434
519640
519647
2718
3645
4236
167503
660001
1972
3922
284
708
4726
163821
828
1203
166009
530005
1517
1883
2026
4828
519611
610002
639
2087
3352
4005
257020
519015
2194
2211
4405
163823
360016
433
1220
2066
2116
2295
2565
3204
3842
160220
2025
136
4406
50015
160620
470018
1190
1422
1470
570008
263001
470088
160226
519646
285
1122
1814
3150
4006
538
1065
1066
1846
2053
2312
2623
519652
1204
1902
2088
2566
1423
1765
1858
2648
812
1191
2009
2616
3167
3666
40012
240005
630006
1420
4434
1148
1523
2117
2584
3843
4704
4895
470089
519641
1990
2155
4276
290012
1123
1260
1584
1920
160621
540003
45
1198
1226
2095
3692
692
4283
519115
3044
3495
4110
40013
160638
761
1680
2010
2096
4775
202101
217024
519653
1724
3151
3693
3923
2617
3221
3295
4000
4008
161624
1035
1426
3168
3496
4277
1538
2261
390
2618
4100
4435
160132
160642
2518
3508
4171
4427
750005
2596
2651
2693
160130
630016
2455
1770
1921
2035
4576
46
3345
4238
4517
1413
2398
3045
50020
70009
150119
340008
750001
3187
3215
3222
161625
996
1358
2717
3216
3411
4050
385
2262
148
978
2167
2619
3346
161819
168501
1291
1345
1414
1649
1757
4172
4428
4466
288002
1347
3638
161038
744
1139
2652
3412
4182
386
1540
2783
2853
1522
2399
202017
460002
2688
3493
110017
3509
4234
160518
163827
519160
550004
675011
1256
240010
142
573
2049
3006
4064
4268
4279
161116
1582
2081
2221
2237
2290
2961
745
202213
4025
4280
151002
166010
327
1695
4353
4606
519130
519161
2173
3332
2784
161826
2689
3512
4269
4728
4888
5076
519025
1479
4345
168201
260
1485
2159
4729
261002
2300
3161
380009
550018
345
1164
3331
162202
1167
2962
3788
110018
675013
66
72
753
2172
4026
519774
2037
4318
420009
550005
432
1808
2521
4889
2715
3030
3895
160722
501003
4162
1124
2637
4468
161609
1854
2901
3739
2782
261102
550019
1411
1901
1934
1935
1956
2727
3031
3148
167003
519197
1165
1304
1694
2103
2351
1228
1278
3014
3778
4163
4266
4319
754
1334
1875
2186
1183
1430
1504
3896
4521
170
2591
1775
3684
3800
3856
4571
4595
165707
2636
4491
4522
100060
161903
213007
519775
48
169
2498
2902
3436
3877
4206
1125
1817
2051
2052
2716
80015
121007
163826
164509
202202
1205
4012
5010
460220
1282
1355
2309
3176
160603
166012
519669
530009
107
667
714
1503
1730
2922
3484
1264
4014
4559
4572
519943
977
1285
1286
4042
4361
50004
160627
501010
519022
519625
774
3177
3485
4558
93
1855
2293
3458
3878
4043
519626
1845
2608
3991
4013
4443
47
419
1398
3437
3685
4711
5062
213917
306
752
1072
1356
1818
2573
70011
167502
531009
2602
2854
3510
4490
5011
164510
320004
320005
501009
109
814
2013
2916
4467
263
898
913
1948
2039
2327
2383
3361
4694
519020
3779
1437
2433
2792
4015
253030
519942
804
2331
3973
4301
4540
450018
466
900
1785
3459
3511
4648
40009
40037
675091
2076
2138
4302
40045
519133
519770
574
1348
3101
3992
270043
428
1876
1947
3667
180001
400022
519749
4548
4748
163813
210003
519011
519629
124
1292
3315
3610
3637
3964
519078
289
622
3691
4513
4708
5073
1295
1438
2288
2373
4362
420
1597
2014
2793
4444
2139
3501
3650
4032
160718
265
585
672
1070
1293
2640
3163
3993
4474
161035
164823
450019
519768
519769
519771
550015
91
875
3116
3517
4009
5008
40010
899
2040
2360
2669
4113
5074
40040
110035
149
195
1034
1059
2701
2720
2745
2898
3789
4184
519630
519971
1218
1319
2137
2244
2530
2743
2819
2820
3819
4024
5215
235
498
776
1914
1917
1949
2208
3816
3847
4473
369
436
624
859
929
1045
3502
3611
340007
1572
1950
4246
4709
4911
121010
876
947
2407
4952
218
968
2094
2308
3503
3627
4114
4479
4499
470078
675111
429
1092
1571
2145
3793
4940
150
2864
3424
3614
4247
4469
4772
5028
40041
163109
163910
166022
206009
519002
519746
1369
2181
2702
2721
2845
3232
3233
3417
3617
4458
4689
162512
519052
960002
502
930
1598
2531
2899
3409
4063
4229
80009
80010
519126
519622
792
2209
2292
2742
2930
3615
3648
3741
3926
180002
473
1530
2107
2867
3438
3949
4512
4629
4910
110036
253060
395011
502016
519024
519786
177
184
187
1427
2726
2837
3097
3466
4389
4464
4655
162215
163825
519152
675113
663
914
2655
3220
3360
3439
4052
4053
4108
4109
4253
4322
166801
310508
216
266
547
1456
1889
3334
3527
4061
4941
40036
70015
510081
519220
519965
384
1911
2965
2982
3728
3794
5216
162715
519057
519226
675051
185
1159
1531
2370
2865
3040
4089
4560
4953
40026
166019
210010
675053
65
292
383
387
675
1735
2578
2754
2807
4470
4602
4859
70031
162299
196
775
1368
1719
1806
1807
1851
2447
2550
2592
3062
3457
3708
3867
4007
4465
4780
163908
166008
487016
519053
519153
519748
67
92
339
1389
1803
1872
2453
2628
2738
2966
3010
3410
3528
3575
3660
4101
210014
253061
420008
686868
217
296
314
1802
2153
2154
2585
2948
3091
3211
3841
4290
164902
519787
550001
188
295
749
1446
1968
2734
2846
3009
4539
4656
4899
121008
162718
210005
519675
307
382
3218
3407
3547
3612
4585
70016
582002
24
1224
2000
2047
2549
3098
3927
4018
162210
162716
163006
519198
519632
610
1566
1567
2610
2842
3369
4562
4624
4754
4773
161820
168108
206018
1390
2354
2704
2925
3063
3335
4054
4334
160524
519023
1450
2442
2881
3696
129
139
769
992
1451
1575
1734
2438
2832
3319
3370
4020
4603
164813
166016
519753
346
357
1155
1494
1766
1794
1905
2086
2276
2739
3192
3461
3709
4117
4541
4978
70033
160623
164704
166017
395012
256
271
1375
1887
2193
2458
2725
2776
2920
3212
3529
3661
3746
3892
4291
20029
160323
233005
519137
519743
620007
686869
181
474
2280
2378
2389
3632
3743
4254
4307
4529
161825
519332
165
2271
2949
2963
3035
3219
3309
3569
4027
4586
4923
160421
161827
501101
501103
582202
2611
2882
2926
3320
3408
3613
3811
4459
150162
161230
210011
68
426
1969
4088
4525
5
128
417
501
711
2017
2843
3910
3980
4136
4723
162511
505888
620003
247
757
2705
3021
3628
4059
4755
420108
415
896
1133
3159
4203
270044
675043
182
341
839
840
1230
1873
1961
1988
1989
2277
2698
2735
2830
3566
4255
4555
4649
164205
165808
519138
519762
673110
186
623
1137
1138
2560
2568
2629
2681
2856
3574
3884
4463
4681
160808
164211
164303
519051
519333
64
781
1238
1932
2342
2436
2480
2644
2691
2768
3013
3207
4066
4090
40022
202105
675041
823
2274
2350
2361
3448
3744
4028
4040
4124
519723
25
1086
1512
1721
3036
3047
3254
3298
3357
4413
150156
165807
540002
573003
427
2466
2977
2985
3605
3812
3938
4395
206001
519764
347
631
1415
1941
2108
2281
3310
3633
3662
3833
4055
4682
164207
166003
270045
450005
416
1194
1483
3732
3888
4038
4366
4906
161231
519937
2522
3087
3442
3452
3672
3726
4204
163004
320021
450006
497
695
897
1486
3195
3255
4001
4921
40023
370025
519654
141
500
606
2275
2579
2682
2755
2817
3064
3160
3277
3677
3981
4202
4219
272
782
1945
1953
2267
2454
2571
2572
2657
2763
2777
3004
3083
3400
3551
240011
519766
675021
1706
1963
2046
2690
3250
3299
3453
3652
4106
4616
4683
5025
5055
161902
164208
180025
519725
519740
673050
58
69
118
174
430
1087
1262
2452
2465
3259
4498
161828
164606
267
2188
2238
2494
3278
3395
3908
161618
400016
519765
660013
740001
394
1407
3073
3418
3427
3440
3583
3869
4102
4591
161014
161724
519334
1136
2992
3081
3085
3824
4019
4103
4107
4777
4858
40016
166004
202107
290010
675081
675093
3210
3362
317
1718
3088
3445
3727
4002
150129
217008
175
1897
2940
3079
3196
3251
3327
3329
3341
3731
3911
4134
4367
4919
180015
180026
217003
370026
765
817
2362
2764
2818
2857
3500
3542
3825
3891
4556
5121
162717
420003
519763
28
1363
1780
1896
1960
2104
2266
2489
2499
2638
2736
2737
2798
2805
2825
2971
3179
3590
3653
3939
4075
4122
4242
164701
371020
501105
675083
227
237
326
1541
2363
2371
3541
3681
4112
4845
164105
519973
519985
675023
112
268
1640
2105
2993
3048
3082
3084
3328
3498
3571
3584
3909
161619
161813
200016
501027
519061
111
1628
2015
2016
3086
3330
3982
4159
4503
110037
110038
270030
360009
501102
519208
519648
519782
519945
632
3897
4486
270029
400009
502010
519335
2239
2750
3115
3394
3674
4446
4807
4965
70038
290009
360008
371120
530003
116
1018
2213
2919
3056
3526
4510
20002
160602
160719
217203
450010
105
414
1791
2432
2632
3037
3080
162205
519060
550017
1250
2641
3089
3162
166902
519188
257
465
766
831
1235
2169
2500
2539
2570
2590
2635
2684
2714
2827
2893
3182
3227
3784
4140
161713
519758
630007
126
202
270
286
1739
1743
1776
1847
1946
1994
2197
2337
2364
2377
2481
2512
2543
2544
2607
2658
2806
2972
3135
3173
3226
3384
4885
20012
161117
161911
162703
165517
213001
372010
510080
519322
519726
620009
70
238
2988
4544
370021
519206
206
489
546
1055
3519
4220
410004
113
122
421
3090
3223
3936
4547
70005
80012
240003
519210
519783
590009
700005
84
3024
3049
4034
4384
4460
4808
70037
160608
162712
206003
519209
660002
106
2245
3074
3301
4104
4128
4160
4180
4181
161715
519972
119
2008
3183
3545
3549
3866
519667
530021
531021
201
207
225
253
2633
3428
3532
4105
4561
372110
519519
519729
121
252
669
3269
3337
3338
4295
161835
166105
166903
110
889
1180
2218
2219
2291
2445
2523
2524
2538
2554
2740
2741
3499
3557
4680
121012
166021
519189
519733
146
197
212
1750
1848
2270
2306
2642
3038
3104
3190
4447
4846
100066
110013
163907
360011
370022
380005
519323
700006
123
244
254
422
440
1387
1545
1971
1993
2265
2683
2794
3039
3745
3782
3837
3885
4079
590010
85
152
205
275
490
2198
2513
2796
2998
3126
4127
4496
160915
270009
410005
630107
660102
14
3041
3826
3838
3937
4069
50202
50203
206004
288102
519211
519944
221
2405
4035
5024
161603
163008
460003
519683
226
1819
2440
3302
3518
4966
420102
668
2534
3193
3952
4080
4979
5007
90016
128112
519121
519666
2367
3324
3533
3558
3573
4029
169201
290003
320008
519186
519730
675121
1546
1792
2166
2978
3270
4045
240004
258
305
437
890
2073
2268
2395
2486
2569
3191
3898
4196
4197
4438
4850
100068
160217
161019
163824
261001
380006
395001
519320
519324
519325
519735
675123
137
153
213
245
319
469
629
649
1641
1652
1859
1922
2330
2358
2501
2507
2548
2719
3065
3546
3827
206013
560005
115
130
801
3155
3285
3581
3844
4296
70025
202103
1020
1500
1620
2797
2892
2915
2999
3188
4070
5070
20033
160618
519685
550006
650001
208
400
2858
3127
3313
519122
2406
3783
5069
420002
519123
519731
1578
4141
50029
163003
519119
519199
1394
2109
3268
3514
128013
320013
519118
519190
519330
2392
2929
3325
3730
3733
4265
164703
519187
320
1907
3383
3576
3953
20036
30
145
191
438
1011
1246
1613
1862
1977
2074
2140
2282
2283
2381
2396
2412
2476
2491
2589
2703
2756
2790
2791
2869
2970
3055
3429
3477
3497
163909
202102
261101
360013
360014
519321
519676
131
147
255
395
396
435
630
1639
1691
2490
3066
3404
3419
3978
4189
4625
4626
70026
550007
673040
675100
750002
1601
2909
2994
3639
4033
4421
160810
161693
320009
743
2294
3078
3386
3530
3673
4062
20019
121013
650002
1653
2402
2427
3747
162216
485111
673043
762001
3146
3314
20034
2859
3979
4803
400020
519955
3776
4123
90002
121009
340009
519331
519941
578
1825
2995
3306
4422
222
1013
2242
3178
3668
3995
4031
4580
310378
138
194
242
340
372
401
521
552
563
636
723
802
931
1046
1274
1344
1520
1573
1738
1774
1832
1834
1835
1836
1857
1860
1863
1924
2204
2216
2217
2284
2287
2344
2382
2390
2457
2470
2477
2537
2645
2707
2713
2761
2802
2839
2872
2874
2876
2885
2945
3032
3174
3184
3441
3443
3449
3451
3563
3570
3572
3577
3699
3700
3706
3737
3810
3817
3859
3864
3868
3907
3965
4044
4049
4051
4095
4187
4188
4222
4256
4402
4425
4426
4537
4565
4579
4607
4608
4609
4610
4617
4618
4619
4620
4621
4637
4638
4644
4652
4653
4665
4672
4673
4674
4675
4685
4693
4707
4719
4720
4721
4724
4725
4731
4732
4734
4735
4750
4751
4752
4753
4756
4757
4763
4764
4769
4792
4793
4797
4800
4812
4813
4818
4819
4844
4848
4852
4853
4881
4882
4887
4890
4900
4901
4912
4913
4914
4915
4920
4922
4924
4925
4936
4937
4980
4988
4989
4993
4994
4995
4998
4999
5001
5014
5015
5018
5019
5027
5043
5044
5047
5048
5051
5052
5054
5059
5061
5066
5072
5075
5082
5083
5084
5085
5094
5108
5109
5110
5113
5114
5120
5123
5124
5126
5127
5129
5130
5133
5136
5140
5141
5142
5143
5144
5145
5146
5156
5157
5158
5159
5160
5161
5167
5169
5170
5171
5172
5173
5174
5176
5177
5178
5186
5187
5191
5192
5197
5198
5206
5207
5208
5209
5210
5211
5217
5218
5219
5220
5221
5222
5226
5228
5231
5232
5233
5235
5236
5237
5238
5239
5240
5243
5244
5245
5246
5247
5250
5251
5252
5256
5257
5258
5260
5261
5262
5263
5265
5266
5267
5268
5269
5270
5273
5279
5280
5282
5283
5284
5285
5290
5291
5292
5294
5296
5297
5303
5304
5310
5315
5316
5321
5322
5327
5328
5335
5336
5337
5340
5341
5342
5343
5344
5352
5353
5354
5360
5366
5367
5370
5377
5378
5379
5380
5384
5385
5386
5387
5388
5393
5394
5398
5402
5409
5414
5415
5427
5428
5431
5445
5446
5450
5453
5454
5459
5460
5474
5475
5479
5488
5495
5496
5521
5522
5547
5549
5575
5594
5595
20020
20027
40019
50007
160140
160141
160314
160617
160641
160644
161611
161716
161823
164206
164810
165705
166024
166904
167501
168109
168110
200013
501047
501048
501049
501051
501053
501106
501305
501306
519124
519135
519618
519662
519776
960004
960011
960012
960016
960018
960021
3382
3469
3651
3983
5068
519326
3450
3522
3767
4388
813
2528
2964
3486
3818
4230
351
1602
3307
3531
3618
92002
213006
350006
2263
2904
3405
161718
184801
1160
2403
4030
167004
485011
54
3349
3355
3777
4264
4804
4932
660009
579
865
1908
3289
3748
161821
200113
202108
270048
270049
519940
553
1161
1388
1751
1752
2128
2600
3199
3619
3669
3768
3930
4902
163210
166905
519953
750003
86
151
192
310
564
1299
1737
1906
2285
2304
2347
2471
2529
2552
2757
2811
2815
3239
3742
20018
100058
161614
161824
519777
1317
3470
3697
161015
519327
3454
3520
3929
4354
4601
519663
352
2508
2996
3260
3523
4235
50026
150160
1014
3125
3554
3796
217011
519328
1172
2254
3406
3504
4111
582001
610006
660109
3213
3381
206010
15
894
3200
3671
3705
162907
165809
202110
485105
519631
333
1501
2215
3455
3521
310379
452
1381
1615
2483
2677
2816
4386
163211
270028
460009
519097
519660
335
510
516
720
984
1213
2127
2336
2346
2519
2762
2931
3606
4168
4508
4551
160131
160134
160520
160633
2991
3240
3640
3947
4227
150154
772
2509
2532
2905
3624
3852
4933
519055
519329
2506
3963
519207
3356
3505
3762
4497
4614
3071
3770
20028
163806
519661
2255
3701
200009
485005
582201
308
1048
519003
519128
519680
22
334
1502
1670
2678
3462
398
958
997
2143
2175
2338
2650
2813
360012
519678
943
2795
2870
4392
4615
160128
160129
160324
517
987
2504
4387
400015
3059
3795
163113
217022
240012
3072
161726
161822
400027
3763
4365
168001
16
1733
2027
4552
23
358
1769
3280
502053
937
938
2775
3860
163005
310518
519129
959
1001
180020
519682
998
1212
2404
2478
2533
2814
3121
161908
32
269
944
1261
1868
3133
4087
4705
160521
164210
519718
519720
33
241
770
2250
3487
161119
519059
3130
20035
240013
253010
610008
3156
3214
4722
354
400029
671010
2943
110008
886
969
3256
161505
519784
26
945
1570
1580
2084
2182
2355
3157
4228
161027
161216
27
1003
3257
4126
540001
1918
2125
2479
3682
4200
481015
298
299
2468
3092
3197
3371
3607
4706
161120
768
2505
3060
303
3134
110007
161115
161720
280
1021
2060
2906
100056
161506
290007
519117
911
2264
3932
4487
355
910
2868
3372
4245
3258
4021
349
1912
2083
3050
4654
161221
166401
3286
1919
2487
2603
2781
3061
3287
3683
50008
164702
1335
1505
2101
2488
610108
946
1302
1662
2207
3933
281
304
1428
2150
2804
3625
519785
3198
3288
100018
240001
291007
519058
845
1023
348
1964
160419
1421
2252
3273
4022
100072
160123
1457
3099
4323
700004
2583
3102
160515
161017
519933
2877
2997
3093
485119
1244
2751
2907
160523
519939
630003
924
3274
4352
540005
356
1753
2464
3100
1318
3103
3158
3290
3312
3903
110001
3265
90017
90018
160124
52
278
1484
2144
100073
519613
388
2625
3832
161037
1967
161626
519615
3564
4135
163409
164808
165532
485019
541005
2349
2880
3033
163819
519704
630103
966
2752
3902
3934
4550
519136
2102
4821
74
729
5154
161722
167701
50
3266
3899
501100
21
519111
1532
3241
3716
3935
3976
5155
50028
161627
241002
1535
3568
90008
90019
501016
519614
3565
3863
329
3230
2675
2785
77
288
3977
50016
3814
217023
463
3931
4587
161629
1223
50128
287
320014
2840
3815
270022
519634
239
240
2786
4250
40007
53
3809
519112
534
1073
1554
4267
519171
1061
167704
503
3231
467
481
2152
530020
909
3242
4456
60
2356
2357
1707
2206
2955
3180
240009
519633
728
1555
1999
2841
3675
4588
470006
277
1942
3476
530012
1943
2303
162105
2946
2927
160224
504
1550
1797
3094
4085
479
2639
531020
2437
4476
161118
400032
1377
3181
4086
630015
1491
1614
50116
202025
1551
50027
87
1305
1063
2947
2928
3676
2045
3336
540007
88
1257
1779
161122
3342
90012
217019
1378
4651
78
143
655
893
220
674
165311
676
3643
1275
162308
163811
163812
519989
633
694
1604
3972
79
3586
1019
1181
3989
4409
1877
1975
3999
4441
200010
590007
892
2028
210008
400023
1258
3990
1661
562
4532
160135
162211
165314
519007
1936
3023
2033
320007
610003
1225
2011
4161
4533
585001
3425
561
1448
200
3209
3772
165528
1050
3051
160639
4218
90006
2780
373020
815
2348
3426
160921
960001
246
2601
3587
820
4164
1954
610103
117
1323
531008
2341
2661
50014
1039
3773
2723
1471
866
519677
3471
4067
481004
1152
410010
530008
2170
160622
1312
1629
1637
3830
2386
2520
168106
2553
519026
690002
233012
2724
4068
935
1630
50009
50011
160720
821
3472
2938
1879
1979
206015
233013
690202
1513
541
612
3123
4432
2425
202211
736
2862
4634
501033
523
1754
3339
50111
160721
168103
4093
168107
320012
590006
183
210006
3124
519745
1071
1959
2826
4433
690006
630010
2586
2587
164812
180029
3680
164822
160626
1558
4333
370024
2744
1206
168102
737
2674
3488
519975
690206
1559
3340
290
402
1468
3723
162108
2475
501032
3194
163111
59
3046
583
1173
1617
2048
180030
1156
1255
501017
519134
3664
165520
200015
360
1174
1207
161224
3390
342
1618
1565
161630
3665
519033
519963
3318
1726
403
161719
361
3128
2778
457
2230
3129
3513
160522
485107
1459
20001
1113
2975
501028
519125
168104
926
4676
160215
160512
485007
2067
2850
4177
1713
3366
4344
519176
4272
519947
1353
483003
4273
405
2279
610004
3463
501005
164820
1009
50030
502000
1729
161225
502030
3464
274
960
501006
2779
2891
4420
1655
2179
3736
2482
100050
2391
2708
3959
3385
161010
165511
1354
4419
502056
1168
206011
2400
2426
793
161233
519756
377
2286
3387
549
2393
110029
1568
519967
2224
519030
104
2634
160611
2401
3703
378
478
690007
1455
160616
2429
580008
3
1361
1069
3654
50106
501300
2448
270008
219
160919
103
1214
2467
50006
689
630001
4
1496
2397
1692
270026
2375
1763
50019
164809
165317
3376
502026
1028
963
2034
4400
3656
1241
50119
3377
40035
501036
164401
209
501037
3657
673010
4401
40006
162510
210009
1052
530017
962
531017
501011
2210
320020
3987
4397
501012
160221
162711
915
3358
3988
160119
160513
165523
3238
519908
3960
8
167002
2903
1290
1467
1482
162607
550
160514
501007
1321
4348
2968
180
3865
501008
696
1351
165313
377530
409
162412
522
1466
160212
161833
260101
1519
2174
161226
233009
168301
1984
163116
610005
400001
2365
4194
778
580003
660011
4195
2366
519034
1409
519767
501026
3053
519113
162010
3054
393001
580002
1410
70021
164907
1126
1272
63
240018
502036
162102
519120
160211
1056
163001
519089
519172
3011
1088
673060
3956
519987
3646
3647
400003
3974
3975
165315
3271
519173
4192
4536
400030
320016
1537
240008
688888
4193
1166
3272
1809
630002
161123
1970
1983
2580
1599
3333
580006
163119
1600
4636
971
1341
200001
161631
2654
165525
1340
580001
290011
279
168105
4855
290004
481010
162201
4854
20003
1576
519029
524
160636
1279
519918
519961
3012
942
1899
2974
1268
160106
161810
1245
404
4698
161025
3717
1795
710301
1723
1221
580005
1560
710302
3766
3765
3598
519013
1561
168101
2187
4671
121006
2305
5037
5118
5117
2256
519993
5038
519150
965
4065
4785
165522
121005
179
3834
210004
4492
1611
161219
1612
320017
519960
519095
727
1702
4593
4139
1169
31
4394
2692
519698
2229
253020
535
2123
519957
253021
519773
121001
163114
160634
164821
4744
110026
698
5033
519005
5034
160640
370027
1476
161834
412
1064
160629
2656
160223
1590
1760
413
2984
590003
1154
4343
519929
1591
161613
1645
601
1592
4870
164819
1294
1593
1193
73
290005
1829
373010
165524
161022
519692
161616
1042
164905
164304
519956
2900
377240
4347
501019
161036
163818
501022
160637
161031
603
398041
70030
377020
2863
377010
794
501002
1184
2236
257040
796
2079
290006
3359
1822
375010
1986
162413
1158
161232
163117
3017
1569
3670
471
161223
160225
519110
163209
4224
2564
161628
540010
328
1266
2577
162107
519170
690
697
630005
161024
502003
1679
257070
161910
3208
1475
596
586
788
163115
501030
501031
164815
1322
1790
3145
2199
2871
755
164818
4315
2983
2980
1037
5035
2080
1209
5036
165316
164908
121003
167001
161033
2251
121099
654
164402
571
1349
4640
620004
2345
160630
630011
470028
800
160643
925
1838
161028
161030
1313
379010
540008
229001
2223
590008
61
4314
545
1227
160420
960006
960008
960007